Experiment Results 
         100 
         24 24 
         45412
         114 
         7084230 
         22.511406183242798 
         13450 
         4916 
         93980 
         69999 
Experiment Results 
         100 
         24 24 
         45349
         116 
         7074509 
         27.99915313720703 
         13723 
         5293 
         96653 
         71052 
Experiment Results 
         100 
         24 24 
         45351
         113 
         7074706 
         98.05180287361145 
         26924 
         10221 
         175971 
         144475 
Experiment Results 
         100 
         24 24 
         45349
         117 
         7074509 
         23.580809831619263 
         12380 
         5088 
         91150 
         68113 
