Experiment Results 
         100 
         24 24 
         63364
         166 
         9884849 
         22.105149269104004 
         5871 
         8759 
         51169 
         15140 
Experiment Results 
         100 
         24 24 
         63364
         166 
         9884849 
         30.648491859436035 
         5871 
         8759 
         51169 
         15140 
Experiment Results 
         100 
         24 24 
         63364
         166 
         9884849 
         22.04694390296936 
         5871 
         8759 
         51169 
         15140 
Experiment Results 
         100 
         24 24 
         63364
         166 
         9884849 
         21.50389313697815 
         5871 
         8759 
         51169 
         15140 
Experiment Results 
         100 
         24 24 
         63364
         166 
         9884849 
         24.009079933166504 
         5871 
         8759 
         51169 
         15140 
