Experiment Results 
         100 
         24 24 
         45368
         125 
         7077461 
         13.240784883499146 
         10187 
         3644 
         72421 
         63936 
Experiment Results 
         100 
         24 24 
         45368
         125 
         7077461 
         17.50412368774414 
         10187 
         3644 
         72421 
         63936 
Experiment Results 
         100 
         24 24 
         45368
         125 
         7077461 
         12.139037132263184 
         10187 
         3644 
         72421 
         63936 
Experiment Results 
         100 
         24 24 
         45368
         125 
         7077461 
         15.784815073013306 
         10187 
         3644 
         72421 
         63936 
Experiment Results 
         100 
         24 24 
         45368
         125 
         7077461 
         14.410612106323242 
         10187 
         3644 
         72421 
         63936 
