Experiment Results 
         100 
         24 24 
         45432
         121 
         7087336 
         16.251770973205566 
         11326 
         4349 
         77706 
         66327 
Experiment Results 
         100 
         24 24 
         45432
         121 
         7087336 
         22.7010338306427 
         11326 
         4349 
         77706 
         66327 
Experiment Results 
         100 
         24 24 
         45432
         121 
         7087336 
         16.248029232025146 
         11326 
         4349 
         77706 
         66327 
Experiment Results 
         100 
         24 24 
         45432
         121 
         7087336 
         19.15562081336975 
         11326 
         4349 
         77706 
         66327 
Experiment Results 
         100 
         24 24 
         45432
         121 
         7087336 
         21.01822280883789 
         11326 
         4349 
         77706 
         66327 
