Experiment Results 
         100 
         24 24 
         45349
         114 
         7074509 
         25.50314497947693 
         16498 
         6363 
         109153 
         80082 
Experiment Results 
         100 
         24 24 
         45349
         114 
         7074509 
         31.09214472770691 
         16498 
         6363 
         109153 
         80082 
Experiment Results 
         100 
         24 24 
         45349
         114 
         7074509 
         31.955188989639282 
         16498 
         6363 
         109153 
         80082 
Experiment Results 
         100 
         24 24 
         45349
         114 
         7074509 
         27.32803201675415 
         16498 
         6363 
         109153 
         80082 
Experiment Results 
         100 
         24 24 
         45349
         114 
         7074509 
         29.412542819976807 
         16498 
         6363 
         109153 
         80082 
