Experiment Results 
         100 
         24 24 
         45069
         113 
         7030727 
         9.546151161193848 
         11539 
         5347 
         90113 
         63034 
Experiment Results 
         100 
         24 24 
         45069
         113 
         7030727 
         13.571097135543823 
         11539 
         5347 
         90113 
         63034 
Experiment Results 
         100 
         24 24 
         45069
         113 
         7030727 
         13.270263910293579 
         11539 
         5347 
         90113 
         63034 
Experiment Results 
         100 
         24 24 
         45069
         113 
         7030727 
         14.004899024963379 
         11539 
         5347 
         90113 
         63034 
Experiment Results 
         100 
         24 24 
         45069
         113 
         7030727 
         15.238075971603394 
         11539 
         5347 
         90113 
         63034 
