Experiment Results 
         50 
         29 29 
         62306
         131 
         9719742 
         86.9761381149292 
         26336 
         9126 
         80310 
         68709 
Experiment Results 
         50 
         29 29 
         62306
         131 
         9719742 
         74.45400786399841 
         26336 
         9126 
         80310 
         68709 
Experiment Results 
         50 
         29 29 
         62306
         131 
         9719742 
         79.76541209220886 
         26336 
         9126 
         80310 
         68709 
