Experiment Results 
         50 
         29 29 
         61840
         138 
         9647008 
         85.27185893058777 
         31784 
         11151 
         89556 
         75127 
Experiment Results 
         50 
         29 29 
         61840
         138 
         9647008 
         82.0165147781372 
         31784 
         11151 
         89556 
         75127 
Experiment Results 
         50 
         29 29 
         61840
         138 
         9647008 
         80.2308189868927 
         31784 
         11151 
         89556 
         75127 
Experiment Results 
         50 
         29 29 
         61840
         138 
         9647008 
         78.93600916862488 
         31784 
         11151 
         89556 
         75127 
Experiment Results 
         50 
         29 29 
         61840
         138 
         9647008 
         80.14664483070374 
         31784 
         11151 
         89556 
         75127 