Experiment Results 
         51 
         29 29 
         61961
         134 
         9665923 
         47.349464893341064 
         23765 
         9142 
         87930 
         55878 
Experiment Results 
         51 
         29 29 
         61961
         134 
         9665923 
         64.11866188049316 
         23765 
         9142 
         87930 
         55878 
Experiment Results 
         51 
         29 29 
         61961
         134 
         9665923 
         76.97864413261414 
         23765 
         9142 
         87930 
         55878 
Experiment Results 
         51 
         29 29 
         61961
         134 
         9665923 
         58.00969696044922 
         23765 
         9142 
         87930 
         55878 
Experiment Results 
         51 
         29 29 
         61961
         134 
         9665923 
         58.46129393577576 
         23765 
         9142 
         87930 
         55878 
