Experiment Results 
         50 
         29 29 
         61840
         137 
         9647008 
         54.6383638381958 
         25238 
         9297 
         87090 
         50694 
Experiment Results 
         50 
         29 29 
         61840
         137 
         9647008 
         67.36474013328552 
         25238 
         9297 
         87090 
         50694 
Experiment Results 
         50 
         29 29 
         61840
         137 
         9647008 
         56.73887610435486 
         25238 
         9297 
         87090 
         50694 
Experiment Results 
         50 
         29 29 
         61840
         137 
         9647008 
         53.16443109512329 
         25238 
         9297 
         87090 
         50694 
Experiment Results 
         50 
         29 29 
         61840
         137 
         9647008 
         62.0095272064209 
         25238 
         9297 
         87090 
         50694 
