Experiment Results 
         50 
         29 29 
         76700
         136 
         11965130 
         28.36845898628235 
         24937 
         7354 
         42703 
         94233 
Experiment Results 
         50 
         29 29 
         76700
         136 
         11965130 
         30.157915830612183 
         24937 
         7354 
         42703 
         94233 
Experiment Results 
         50 
         29 29 
         76700
         136 
         11965130 
         28.920435190200806 
         24937 
         7354 
         42703 
         94233 
Experiment Results 
         50 
         29 29 
         76700
         136 
         11965130 
         29.696258068084717 
         24937 
         7354 
         42703 
         94233 
Experiment Results 
         50 
         29 29 
         76700
         136 
         11965130 
         28.532927989959717 
         24937 
         7354 
         42703 
         94233 
